1
10
100
20
149
Distance Matrix
 0 14 15 12 5 0 6 1 18 0
 14 0 9 18 10 15 8 7 16 4
 15 9 0 0 13 10 2 18 4 9
 12 18 0 0 1 4 6 4 20 20
 5 10 13 1 0 19 0 0 0 1
 0 15 10 4 19 0 16 19 0 2
 6 8 2 6 0 16 0 19 7 11
 1 7 18 4 0 19 19 0 20 1
 18 16 4 20 0 0 7 20 0 10
 0 4 9 20 1 2 11 1 10 0
Pheromone Matrix
 0 68 92 22 18 0 32 78 14 0
 68 0 16 97 17 60 92 30 98 25
 92 16 0 0 92 36 83 94 97 98
 22 97 0 0 91 86 7 89 66 58
 18 17 92 91 0 72 0 0 0 44
 0 60 36 86 72 0 13 64 0 15
 32 92 83 7 0 13 0 72 79 89
 78 30 94 89 0 64 72 0 84 86
 14 98 97 66 0 0 79 84 0 25
 0 25 98 58 44 15 89 86 25 0
